#query	/work/05066/imicrobe/iplantc.org/data/imicrobe/projects/199/samples/4698/SRR1647361.fasta	/work/05066/imicrobe/iplantc.org/data/imicrobe/projects/199/samples/4840/SRR1647503.fasta	/work/05066/imicrobe/iplantc.org/data/imicrobe/projects/10/samples/274/CAM_SMPL_001698.fa	/work/05066/imicrobe/iplantc.org/data/imicrobe/projects/46/samples/1086/CAM_SMPL_001463.fa	/work/05066/imicrobe/iplantc.org/data/imicrobe/projects/186/samples/3849/mgm4529866.3.050.upload.fna	/work/05066/imicrobe/iplantc.org/data/imicrobe/projects/180/samples/3691/mgm4514803.3.050.upload.fna	/work/05066/imicrobe/iplantc.org/data/imicrobe/projects/180/samples/3685/mgm4514805.3.050.upload.fna	/work/05066/imicrobe/iplantc.org/data/imicrobe/projects/46/samples/1092/CAM_SMPL_001469.fa	/work/05066/imicrobe/iplantc.org/data/imicrobe/projects/9/samples/260/BISONMETAGENOME_SMPL_BISONPOOL_4.fa	/work/05066/imicrobe/iplantc.org/data/imicrobe/projects/199/samples/4854/SRR1647517.fasta	/work/05066/imicrobe/iplantc.org/data/imicrobe/projects/7/samples/248/BACTERIOPLANKTON_SMPL_S_35131.fa	/work/05066/imicrobe/iplantc.org/data/imicrobe/projects/186/samples/3875/mgm4529895.3.050.upload.fna	/work/05066/imicrobe/iplantc.org/data/imicrobe/projects/186/samples/3861/mgm4529880.3.050.upload.fna	/work/05066/imicrobe/iplantc.org/data/imicrobe/projects/199/samples/4868/SRR1647531.fasta	/work/05066/imicrobe/iplantc.org/data/imicrobe/projects/199/samples/4883/SRR1647546.fasta	/work/05066/imicrobe/iplantc.org/data/imicrobe/projects/135/samples/3134/ERR906502.fasta	/work/05066/imicrobe/iplantc.org/data/imicrobe/projects/180/samples/3652/mgm4514774.3.050.upload.fna	/work/05066/imicrobe/iplantc.org/data/imicrobe/projects/263/samples/5223/HOT232_1_0200m-readpool.fastq	/work/05066/imicrobe/iplantc.org/data/imicrobe/projects/46/samples/1045/CAM_SMPL_001422.fa	/work/05066/imicrobe/iplantc.org/data/imicrobe/projects/46/samples/1051/CAM_SMPL_001428.fa	/work/05066/imicrobe/iplantc.org/data/imicrobe/projects/196/samples/4129/mgm4440427.3.050.upload.fna	/work/05066/imicrobe/iplantc.org/data/imicrobe/projects/180/samples/3646/mgm4514764.3.050.upload.fna	/work/05066/imicrobe/iplantc.org/data/imicrobe/projects/103/samples/2558/XmLC30.1.fa	/work/05066/imicrobe/iplantc.org/data/imicrobe/projects/263/samples/5237/HOT233_2_0025m-readpool.fastq	/work/05066/imicrobe/iplantc.org/data/imicrobe/projects/199/samples/4897/SRR1647560.fasta	/work/05066/imicrobe/iplantc.org/data/imicrobe/projects/135/samples/3120/ERR906488.fasta	/work/05066/imicrobe/iplantc.org/data/imicrobe/projects/134/samples/3108/ERR843972.fasta	/work/05066/imicrobe/iplantc.org/data/imicrobe/projects/199/samples/4667/SRR1647330.fasta	/work/05066/imicrobe/iplantc.org/data/imicrobe/projects/46/samples/1079/CAM_SMPL_001456.fa	/work/05066/imicrobe/iplantc.org/data/imicrobe/projects/195/samples/4101/mgm4489296.3.050.upload.fna	/work/05066/imicrobe/iplantc.org/data/imicrobe/projects/103/samples/2570/XmLC150.1.fa	/work/05066/imicrobe/iplantc.org/data/imicrobe/projects/196/samples/4115/mgm4440144.4.050.upload.fna	/work/05066/imicrobe/iplantc.org/data/imicrobe/projects/103/samples/2564/XmLC60.1.fa	/work/05066/imicrobe/iplantc.org/data/imicrobe/projects/199/samples/4673/SRR1647336.fasta	/work/05066/imicrobe/iplantc.org/data/imicrobe/projects/148/samples/3493/ERR906941.fasta	/work/05066/imicrobe/iplantc.org/data/imicrobe/projects/134/samples/2955/ERR843949.fasta	/work/05066/imicrobe/iplantc.org/data/imicrobe/projects/32/samples/710/HUMANDISTALGUT_SMPL_BIFIDOBACTERIUMLONGUM.fa	/work/05066/imicrobe/iplantc.org/data/imicrobe/projects/31/samples/704/JGI_SMPL_HF130_10-06-02.fa	/work/05066/imicrobe/iplantc.org/data/imicrobe/projects/70/samples/1290/WASTEWATERMILWAUKEE_SMPL_SRR017895_SS041807.fa	/work/05066/imicrobe/iplantc.org/data/imicrobe/projects/148/samples/3487/ERR906935.fasta	/work/05066/imicrobe/iplantc.org/data/imicrobe/projects/134/samples/2941/ERR843920.fasta	/work/05066/imicrobe/iplantc.org/data/imicrobe/projects/130/samples/2799/ERR975091.fasta	/work/05066/imicrobe/iplantc.org/data/imicrobe/projects/134/samples/2969/ERR843913.fasta	/work/05066/imicrobe/iplantc.org/data/imicrobe/projects/60/samples/1247/SAPELOISLAND_SMPL_SRS000244.fa	/work/05066/imicrobe/iplantc.org/data/imicrobe/projects/148/samples/3450/ERR906898.fasta	/work/05066/imicrobe/iplantc.org/data/imicrobe/projects/134/samples/2996/ERR844043.fasta	/work/05066/imicrobe/iplantc.org/data/imicrobe/projects/199/samples/4459/SRR1647122.fasta	/work/05066/imicrobe/iplantc.org/data/imicrobe/projects/147/samples/3336/SRR2041988.fasta	/work/05066/imicrobe/iplantc.org/data/imicrobe/projects/90/samples/1521/CAM_SMPL_001545.fa	/work/05066/imicrobe/iplantc.org/data/imicrobe/projects/92/samples/1535/CAM_SMPL_001563.fa
/work/05066/imicrobe/iplantc.org/data/imicrobe/projects/199/samples/4698/SRR1647361.fasta	0	0.1233	0.263022	1	0.295981	1	1	1	0.295981	0.0519203	1	0.295981	1	0.0554283	0.0642645	1	1	1	1	1	1	1	1	0.295981	0.0706202	0.295981	1	0.0628995	1	1	1	1	1	0.0645437	1	1	1	0.295981	1	1	1	1	1	1	1	1	0.263022	1	0.295981	1
/work/05066/imicrobe/iplantc.org/data/imicrobe/projects/199/samples/4840/SRR1647503.fasta	0.1233	0	0.295981	1	0.295981	1	1	1	0.295981	0.11676	1	0.295981	1	0.106845	0.11197	1	1	0.295981	1	1	1	1	1	0.263022	0.11676	0.295981	1	0.12827	1	1	1	1	1	0.12214	0.295981	1	1	0.295981	1	1	1	1	1	1	1	1	0.263022	1	1	1
/work/05066/imicrobe/iplantc.org/data/imicrobe/projects/10/samples/274/CAM_SMPL_001698.fa	0.263022	0.295981	0	1	0.295981	1	1	1	1	0.263022	1	0.295981	1	0.295981	0.263022	1	1	1	1	1	1	1	1	0.295981	0.295981	0.295981	1	0.295981	1	0.243761	1	1	1	0.295981	0.295981	1	1	0.295981	1	1	1	1	1	1	0.295981	0.295981	1	1	1	1
/work/05066/imicrobe/iplantc.org/data/imicrobe/projects/46/samples/1086/CAM_SMPL_001463.fa	1	1	1	0	0.295981	1	1	0.0626325	1	1	1	1	0.295981	1	1	1	1	1	0.0730018	0.080322	1	1	1	1	1	1	1	1	0.0706202	1	1	1	1	1	1	1	1	0.295981	1	1	1	1	1	1	1	1	1	1	1	1
/work/05066/imicrobe/iplantc.org/data/imicrobe/projects/186/samples/3849/mgm4529866.3.050.upload.fna	0.295981	0.295981	0.295981	0.295981	0	0.295981	0.263022	0.295981	1	0.295981	1	0.295981	0.219531	0.295981	0.295981	1	0.243761	1	0.295981	0.295981	1	0.295981	1	0.295981	0.295981	0.295981	1	0.295981	0.295981	1	1	1	1	0.295981	1	1	1	0.295981	1	1	1	1	1	1	1	1	0.295981	1	1	1
/work/05066/imicrobe/iplantc.org/data/imicrobe/projects/180/samples/3691/mgm4514803.3.050.upload.fna	1	1	1	1	0.295981	0	0.0662649	1	1	1	1	1	0.263022	1	1	1	0.0955937	1	1	1	1	0.0744324	1	1	1	1	1	1	1	1	1	1	1	1	1	1	1	1	1	1	1	1	1	1	1	1	1	1	1	1
/work/05066/imicrobe/iplantc.org/data/imicrobe/projects/180/samples/3685/mgm4514805.3.050.upload.fna	1	1	1	1	0.263022	0.0662649	0	1	1	1	1	1	0.295981	1	1	1	0.0887833	1	1	1	1	0.0683793	1	1	1	1	1	1	1	1	1	1	1	1	1	1	1	1	1	1	1	1	1	1	1	1	1	1	1	1
/work/05066/imicrobe/iplantc.org/data/imicrobe/projects/46/samples/1092/CAM_SMPL_001469.fa	1	1	1	0.0626325	0.295981	1	1	0	1	1	1	1	0.295981	1	1	1	1	1	0.0579033	0.064825	1	1	1	1	1	1	1	1	0.0535266	1	1	1	1	1	1	1	1	0.295981	1	1	1	1	1	1	1	1	1	1	1	1
/work/05066/imicrobe/iplantc.org/data/imicrobe/projects/9/samples/260/BISONMETAGENOME_SMPL_BISONPOOL_4.fa	0.295981	0.295981	1	1	1	1	1	1	0	1	1	1	1	0.295981	1	1	1	1	1	1	1	1	1	1	1	1	1	0.295981	1	1	1	1	1	1	0.295981	0.295981	1	1	1	1	0.295981	1	0.295981	1	0.295981	1	1	1	1	1
/work/05066/imicrobe/iplantc.org/data/imicrobe/projects/199/samples/4854/SRR1647517.fasta	0.0519203	0.11676	0.263022	1	0.295981	1	1	1	1	0	1	0.295981	1	0.0509537	0.0634394	1	1	1	1	1	1	1	1	0.295981	0.0716227	0.295981	1	0.0588483	1	1	1	1	1	0.0680698	0.295981	1	1	0.295981	1	1	0.295981	1	1	1	1	1	0.263022	1	0.295981	1
/work/05066/imicrobe/iplantc.org/data/imicrobe/projects/7/samples/248/BACTERIOPLANKTON_SMPL_S_35131.fa	1	1	1	1	1	1	1	1	1	1	0	1	1	1	1	1	1	1	1	1	1	1	1	0.210897	1	1	1	1	1	1	1	1	1	1	1	1	1	1	1	1	1	1	0.295981	1	1	1	1	1	1	1
/work/05066/imicrobe/iplantc.org/data/imicrobe/projects/186/samples/3875/mgm4529895.3.050.upload.fna	0.295981	0.295981	0.295981	1	0.295981	1	1	1	1	0.295981	1	0	1	0.295981	0.295981	1	1	1	1	1	1	1	1	0.295981	0.295981	0.295981	1	0.295981	1	1	1	1	1	0.295981	1	1	1	0.295981	1	1	1	1	1	1	1	1	1	1	1	1
/work/05066/imicrobe/iplantc.org/data/imicrobe/projects/186/samples/3861/mgm4529880.3.050.upload.fna	1	1	1	0.295981	0.219531	0.263022	0.295981	0.295981	1	1	1	1	0	1	1	1	0.263022	1	0.295981	0.295981	1	0.295981	1	1	1	1	1	1	0.295981	1	1	1	1	1	1	1	1	1	1	1	1	1	1	1	1	1	1	1	1	1
/work/05066/imicrobe/iplantc.org/data/imicrobe/projects/199/samples/4868/SRR1647531.fasta	0.0554283	0.106845	0.295981	1	0.295981	1	1	1	0.295981	0.0509537	1	0.295981	1	0	0.0586096	1	1	1	1	1	1	1	1	0.295981	0.0618432	0.295981	1	0.0590885	1	1	1	1	1	0.0586096	0.295981	1	1	0.295981	1	1	1	1	1	1	1	1	1	1	0.295981	1
/work/05066/imicrobe/iplantc.org/data/imicrobe/projects/199/samples/4883/SRR1647546.fasta	0.0642645	0.11197	0.263022	1	0.295981	1	1	1	1	0.0634394	1	0.295981	1	0.0586096	0	1	1	1	1	1	1	1	1	0.295981	0.0726524	0.295981	1	0.0680698	1	1	1	1	1	0.0656822	0.295981	0.295981	1	0.295981	1	1	1	1	1	1	1	1	0.243761	1	1	1
/work/05066/imicrobe/iplantc.org/data/imicrobe/projects/135/samples/3134/ERR906502.fasta	1	1	1	1	1	1	1	1	1	1	1	1	1	1	1	0	1	1	1	1	1	1	1	1	1	0.164662	0.263022	1	1	1	1	1	1	1	0.23011	0.263022	1	0.295981	1	0.23011	0.243761	1	0.263022	1	0.243761	0.243761	1	1	0.295981	1
/work/05066/imicrobe/iplantc.org/data/imicrobe/projects/180/samples/3652/mgm4514774.3.050.upload.fna	1	1	1	1	0.243761	0.0955937	0.0887833	1	1	1	1	1	0.263022	1	1	1	0	1	1	1	1	0.100846	1	1	1	1	1	1	1	1	1	1	1	1	1	1	1	1	1	1	1	1	1	1	1	1	1	1	1	1
/work/05066/imicrobe/iplantc.org/data/imicrobe/projects/263/samples/5223/HOT232_1_0200m-readpool.fastq	1	0.295981	1	1	1	1	1	1	1	1	1	1	1	1	1	1	1	0	1	1	1	1	1	0.174408	1	1	0.295981	1	1	1	1	1	1	1	1	1	1	1	1	1	1	1	1	1	1	1	1	1	1	1
/work/05066/imicrobe/iplantc.org/data/imicrobe/projects/46/samples/1045/CAM_SMPL_001422.fa	1	1	1	0.0730018	0.295981	1	1	0.0579033	1	1	1	1	0.295981	1	1	1	1	1	0	0.0480354	1	1	1	1	1	1	1	1	0.0482105	1	1	1	1	1	1	1	1	0.295981	1	1	1	1	1	1	1	1	1	1	1	1
/work/05066/imicrobe/iplantc.org/data/imicrobe/projects/46/samples/1051/CAM_SMPL_001428.fa	1	1	1	0.080322	0.295981	1	1	0.064825	1	1	1	1	0.295981	1	1	1	1	1	0.0480354	0	1	1	1	1	1	1	1	1	0.0509537	1	1	1	1	1	1	1	1	0.295981	1	1	1	1	1	1	1	1	1	1	1	1
/work/05066/imicrobe/iplantc.org/data/imicrobe/projects/196/samples/4129/mgm4440427.3.050.upload.fna	1	1	1	1	1	1	1	1	1	1	1	1	1	1	1	1	1	1	1	1	0	1	1	1	1	1	1	1	1	1	1	0.263022	1	1	1	1	1	1	1	1	1	1	1	0.295981	1	1	1	1	1	1
/work/05066/imicrobe/iplantc.org/data/imicrobe/projects/180/samples/3646/mgm4514764.3.050.upload.fna	1	1	1	1	0.295981	0.0744324	0.0683793	1	1	1	1	1	0.295981	1	1	1	0.100846	1	1	1	1	0	1	1	1	1	1	1	1	1	1	1	1	1	1	1	1	1	1	1	1	1	1	1	1	1	1	1	1	1
/work/05066/imicrobe/iplantc.org/data/imicrobe/projects/103/samples/2558/XmLC30.1.fa	1	1	1	1	1	1	1	1	1	1	1	1	1	1	1	1	1	1	1	1	1	1	0	1	1	1	1	1	1	1	0.0593303	1	0.0480354	1	1	1	1	1	0.210897	1	1	1	1	1	1	1	1	1	1	1
/work/05066/imicrobe/iplantc.org/data/imicrobe/projects/263/samples/5237/HOT233_2_0025m-readpool.fastq	0.295981	0.263022	0.295981	1	0.295981	1	1	1	1	0.295981	0.210897	0.295981	1	0.295981	0.295981	1	1	0.174408	1	1	1	1	1	0	0.295981	0.243761	0.295981	0.295981	1	1	1	1	1	0.295981	1	1	1	0.295981	1	0.295981	1	1	1	1	1	1	1	0.295981	1	1
/work/05066/imicrobe/iplantc.org/data/imicrobe/projects/199/samples/4897/SRR1647560.fasta	0.0706202	0.11676	0.295981	1	0.295981	1	1	1	1	0.0716227	1	0.295981	1	0.0618432	0.0726524	1	1	1	1	1	1	1	1	0.295981	0	0.295981	1	0.0686914	1	1	1	1	1	0.0665597	1	1	1	0.295981	1	1	0.295981	1	1	1	1	1	0.263022	1	0.295981	1
/work/05066/imicrobe/iplantc.org/data/imicrobe/projects/135/samples/3120/ERR906488.fasta	0.295981	0.295981	0.295981	1	0.295981	1	1	1	1	0.295981	1	0.295981	1	0.295981	0.295981	0.164662	1	1	1	1	1	1	1	0.243761	0.295981	0	1	0.263022	1	1	1	1	1	0.295981	0.243761	0.263022	1	0.295981	1	0.23011	0.295981	1	0.295981	1	1	1	1	1	1	1
/work/05066/imicrobe/iplantc.org/data/imicrobe/projects/134/samples/3108/ERR843972.fasta	1	1	1	1	1	1	1	1	1	1	1	1	1	1	1	0.263022	1	0.295981	1	1	1	1	1	0.295981	1	1	0	1	1	1	1	1	1	1	0.263022	0.23011	1	0.295981	1	0.295981	0.219531	1	0.243761	1	0.191731	0.23011	1	1	0.295981	1
/work/05066/imicrobe/iplantc.org/data/imicrobe/projects/199/samples/4667/SRR1647330.fasta	0.0628995	0.12827	0.295981	1	0.295981	1	1	1	0.295981	0.0588483	1	0.295981	1	0.0590885	0.0680698	1	1	1	1	1	1	1	1	0.295981	0.0686914	0.263022	1	0	1	0.295981	1	1	1	0.0677629	0.263022	0.295981	1	0.295981	1	1	0.295981	1	0.295981	1	0.295981	1	0.295981	1	0.295981	1
/work/05066/imicrobe/iplantc.org/data/imicrobe/projects/46/samples/1079/CAM_SMPL_001456.fa	1	1	1	0.0706202	0.295981	1	1	0.0535266	1	1	1	1	0.295981	1	1	1	1	1	0.0482105	0.0509537	1	1	1	1	1	1	1	1	0	1	1	1	1	1	1	1	1	0.295981	1	1	1	1	1	1	1	1	1	1	1	1
/work/05066/imicrobe/iplantc.org/data/imicrobe/projects/195/samples/4101/mgm4489296.3.050.upload.fna	1	1	0.243761	1	1	1	1	1	1	1	1	1	1	1	1	1	1	1	1	1	1	1	1	1	1	1	1	0.295981	1	0	1	1	1	1	0.295981	1	1	1	1	1	0.295981	1	0.295981	1	0.295981	1	1	1	1	1
/work/05066/imicrobe/iplantc.org/data/imicrobe/projects/103/samples/2570/XmLC150.1.fa	1	1	1	1	1	1	1	1	1	1	1	1	1	1	1	1	1	1	1	1	1	1	0.0593303	1	1	1	1	1	1	1	0	1	0.052714	1	1	1	1	1	0.219531	1	1	1	1	1	1	1	1	1	1	1
/work/05066/imicrobe/iplantc.org/data/imicrobe/projects/196/samples/4115/mgm4440144.4.050.upload.fna	1	1	1	1	1	1	1	1	1	1	1	1	1	1	1	1	1	1	1	1	0.263022	1	1	1	1	1	1	1	1	1	1	0	1	1	1	1	1	1	1	1	1	1	1	1	1	1	1	1	1	1
/work/05066/imicrobe/iplantc.org/data/imicrobe/projects/103/samples/2564/XmLC60.1.fa	1	1	1	1	1	1	1	1	1	1	1	1	1	1	1	1	1	1	1	1	1	1	0.0480354	1	1	1	1	1	1	1	0.052714	1	0	1	1	1	1	1	0.174408	1	1	1	1	1	1	1	1	1	1	1
/work/05066/imicrobe/iplantc.org/data/imicrobe/projects/199/samples/4673/SRR1647336.fasta	0.0645437	0.12214	0.295981	1	0.295981	1	1	1	1	0.0680698	1	0.295981	1	0.0586096	0.0656822	1	1	1	1	1	1	1	1	0.295981	0.0665597	0.295981	1	0.0677629	1	1	1	1	1	0	0.295981	1	1	0.295981	1	1	1	1	1	1	1	1	1	1	0.295981	1
/work/05066/imicrobe/iplantc.org/data/imicrobe/projects/148/samples/3493/ERR906941.fasta	1	0.295981	0.295981	1	1	1	1	1	0.295981	0.295981	1	1	1	0.295981	0.295981	0.23011	1	1	1	1	1	1	1	1	1	0.243761	0.263022	0.263022	1	0.295981	1	1	1	0.295981	0	0.210897	1	1	1	0.210897	0.23011	0.295981	0.219531	1	0.197292	0.210897	1	1	1	1
/work/05066/imicrobe/iplantc.org/data/imicrobe/projects/134/samples/2955/ERR843949.fasta	1	1	1	1	1	1	1	1	0.295981	1	1	1	1	1	0.295981	0.263022	1	1	1	1	1	1	1	1	1	0.263022	0.23011	0.295981	1	1	1	1	1	1	0.210897	0	1	0.295981	1	0.203604	0.182269	1	0.197292	1	0.191731	0.178173	1	1	1	1
/work/05066/imicrobe/iplantc.org/data/imicrobe/projects/32/samples/710/HUMANDISTALGUT_SMPL_BIFIDOBACTERIUMLONGUM.fa	1	1	1	1	1	1	1	1	1	1	1	1	1	1	1	1	1	1	1	1	1	1	1	1	1	1	1	1	1	1	1	1	1	1	1	1	0	1	1	1	1	1	1	1	1	1	1	1	1	1
/work/05066/imicrobe/iplantc.org/data/imicrobe/projects/31/samples/704/JGI_SMPL_HF130_10-06-02.fa	0.295981	0.295981	0.295981	0.295981	0.295981	1	1	0.295981	1	0.295981	1	0.295981	1	0.295981	0.295981	0.295981	1	1	0.295981	0.295981	1	1	1	0.295981	0.295981	0.295981	0.295981	0.295981	0.295981	1	1	1	1	0.295981	1	0.295981	1	0	1	1	0.263022	1	0.263022	1	0.263022	1	1	1	1	1
/work/05066/imicrobe/iplantc.org/data/imicrobe/projects/70/samples/1290/WASTEWATERMILWAUKEE_SMPL_SRR017895_SS041807.fa	1	1	1	1	1	1	1	1	1	1	1	1	1	1	1	1	1	1	1	1	1	1	0.210897	1	1	1	1	1	1	1	0.219531	1	0.174408	1	1	1	1	1	0	1	1	1	1	1	1	1	1	1	1	1
/work/05066/imicrobe/iplantc.org/data/imicrobe/projects/148/samples/3487/ERR906935.fasta	1	1	1	1	1	1	1	1	1	1	1	1	1	1	1	0.23011	1	1	1	1	1	1	1	0.295981	1	0.23011	0.295981	1	1	1	1	1	1	1	0.210897	0.203604	1	1	1	0	0.203604	0.243761	0.219531	1	0.243761	0.219531	1	1	1	1
/work/05066/imicrobe/iplantc.org/data/imicrobe/projects/134/samples/2941/ERR843920.fasta	1	1	1	1	1	1	1	1	0.295981	0.295981	1	1	1	1	1	0.243761	1	1	1	1	1	1	1	1	0.295981	0.295981	0.219531	0.295981	1	0.295981	1	1	1	1	0.23011	0.182269	1	0.263022	1	0.203604	0	1	0.186761	1	0.203604	0.197292	1	1	1	1
/work/05066/imicrobe/iplantc.org/data/imicrobe/projects/130/samples/2799/ERR975091.fasta	1	1	1	1	1	1	1	1	1	1	1	1	1	1	1	1	1	1	1	1	1	1	1	1	1	1	1	1	1	1	1	1	1	1	0.295981	1	1	1	1	0.243761	1	0	1	1	0.295981	1	1	1	1	1
/work/05066/imicrobe/iplantc.org/data/imicrobe/projects/134/samples/2969/ERR843913.fasta	1	1	1	1	1	1	1	1	0.295981	1	0.295981	1	1	1	1	0.263022	1	1	1	1	1	1	1	1	1	0.295981	0.243761	0.295981	1	0.295981	1	1	1	1	0.219531	0.197292	1	0.263022	1	0.219531	0.186761	1	0	1	0.197292	0.23011	1	1	1	1
/work/05066/imicrobe/iplantc.org/data/imicrobe/projects/60/samples/1247/SAPELOISLAND_SMPL_SRS000244.fa	1	1	1	1	1	1	1	1	1	1	1	1	1	1	1	1	1	1	1	1	0.295981	1	1	1	1	1	1	1	1	1	1	1	1	1	1	1	1	1	1	1	1	1	1	0	1	1	1	1	1	1
/work/05066/imicrobe/iplantc.org/data/imicrobe/projects/148/samples/3450/ERR906898.fasta	1	1	0.295981	1	1	1	1	1	0.295981	1	1	1	1	1	1	0.243761	1	1	1	1	1	1	1	1	1	1	0.191731	0.295981	1	0.295981	1	1	1	1	0.197292	0.191731	1	0.263022	1	0.243761	0.203604	0.295981	0.197292	1	0	0.210897	0.295981	1	1	1
/work/05066/imicrobe/iplantc.org/data/imicrobe/projects/134/samples/2996/ERR844043.fasta	1	1	0.295981	1	1	1	1	1	1	1	1	1	1	1	1	0.243761	1	1	1	1	1	1	1	1	1	1	0.23011	1	1	1	1	1	1	1	0.210897	0.178173	1	1	1	0.219531	0.197292	1	0.23011	1	0.210897	0	1	1	1	1
/work/05066/imicrobe/iplantc.org/data/imicrobe/projects/199/samples/4459/SRR1647122.fasta	0.263022	0.263022	1	1	0.295981	1	1	1	1	0.263022	1	1	1	1	0.243761	1	1	1	1	1	1	1	1	1	0.263022	1	1	0.295981	1	1	1	1	1	1	1	1	1	1	1	1	1	1	1	1	0.295981	1	0	1	1	1
/work/05066/imicrobe/iplantc.org/data/imicrobe/projects/147/samples/3336/SRR2041988.fasta	1	1	1	1	1	1	1	1	1	1	1	1	1	1	1	1	1	1	1	1	1	1	1	0.295981	1	1	1	1	1	1	1	1	1	1	1	1	1	1	1	1	1	1	1	1	1	1	1	0	1	1
/work/05066/imicrobe/iplantc.org/data/imicrobe/projects/90/samples/1521/CAM_SMPL_001545.fa	0.295981	1	1	1	1	1	1	1	1	0.295981	1	1	1	0.295981	1	0.295981	1	1	1	1	1	1	1	1	0.295981	1	0.295981	0.295981	1	1	1	1	1	0.295981	1	1	1	1	1	1	1	1	1	1	1	1	1	1	0	1
/work/05066/imicrobe/iplantc.org/data/imicrobe/projects/92/samples/1535/CAM_SMPL_001563.fa	1	1	1	1	1	1	1	1	1	1	1	1	1	1	1	1	1	1	1	1	1	1	1	1	1	1	1	1	1	1	1	1	1	1	1	1	1	1	1	1	1	1	1	1	1	1	1	1	1	0
