	Animal-associated_4698	Animal-associated_4840	Coastal_sea_water_274	Marine_1086	Animal-associated_3849	Animal-associated_3691	Animal-associated_3685	Marine_1092	Hot_spring_260	Animal-associated_4854	Oceanic_pelagic_zone_248	Animal-associated_3875	Animal-associated_3861	Animal-associated_4868	Animal-associated_4883	Animal-associated_3134	Animal-associated_3652	Marine_5223	Marine_1045	Marine_1051	Animal-associated_4129	Animal-associated_3646	Animal-associated_2558	Marine_5237	Animal-associated_4897	Animal-associated_3120	Animal-associated_3108	Animal-associated_4667	Marine_1079	Animal-associated_4101	Animal-associated_2570	Animal-associated_4115	Animal-associated_2564	Animal-associated_4673	Animal-associated_3493	Animal-associated_2955	Animal-associated_710	Oceanic_gyre_704	Sewage_1290	Animal-associated_3487	Animal-associated_2941	Animal-associated_2799	Animal-associated_2969	Coastal_sea_water_1247	Animal-associated_3450	Animal-associated_2996	Animal-associated_4459	Animal-associated_3336	Animal-associated_1521	Saline_water_1535
Animal-associated_4698	0	0.1233	0.263022	1	0.295981	1	1	1	0.295981	0.0519203	1	0.295981	1	0.0554283	0.0642645	1	1	1	1	1	1	1	1	0.295981	0.0706202	0.295981	1	0.0628995	1	1	1	1	1	0.0645437	1	1	1	0.295981	1	1	1	1	1	1	1	1	0.263022	1	0.295981	1
Animal-associated_4840	0.1233	0	0.295981	1	0.295981	1	1	1	0.295981	0.11676	1	0.295981	1	0.106845	0.11197	1	1	0.295981	1	1	1	1	1	0.263022	0.11676	0.295981	1	0.12827	1	1	1	1	1	0.12214	0.295981	1	1	0.295981	1	1	1	1	1	1	1	1	0.263022	1	1	1
Coastal_sea_water_274	0.263022	0.295981	0	1	0.295981	1	1	1	1	0.263022	1	0.295981	1	0.295981	0.263022	1	1	1	1	1	1	1	1	0.295981	0.295981	0.295981	1	0.295981	1	0.243761	1	1	1	0.295981	0.295981	1	1	0.295981	1	1	1	1	1	1	0.295981	0.295981	1	1	1	1
Marine_1086	1	1	1	0	0.295981	1	1	0.0626325	1	1	1	1	0.295981	1	1	1	1	1	0.0730018	0.080322	1	1	1	1	1	1	1	1	0.0706202	1	1	1	1	1	1	1	1	0.295981	1	1	1	1	1	1	1	1	1	1	1	1
Animal-associated_3849	0.295981	0.295981	0.295981	0.295981	0	0.295981	0.263022	0.295981	1	0.295981	1	0.295981	0.219531	0.295981	0.295981	1	0.243761	1	0.295981	0.295981	1	0.295981	1	0.295981	0.295981	0.295981	1	0.295981	0.295981	1	1	1	1	0.295981	1	1	1	0.295981	1	1	1	1	1	1	1	1	0.295981	1	1	1
Animal-associated_3691	1	1	1	1	0.295981	0	0.0662649	1	1	1	1	1	0.263022	1	1	1	0.0955937	1	1	1	1	0.0744324	1	1	1	1	1	1	1	1	1	1	1	1	1	1	1	1	1	1	1	1	1	1	1	1	1	1	1	1
Animal-associated_3685	1	1	1	1	0.263022	0.0662649	0	1	1	1	1	1	0.295981	1	1	1	0.0887833	1	1	1	1	0.0683793	1	1	1	1	1	1	1	1	1	1	1	1	1	1	1	1	1	1	1	1	1	1	1	1	1	1	1	1
Marine_1092	1	1	1	0.0626325	0.295981	1	1	0	1	1	1	1	0.295981	1	1	1	1	1	0.0579033	0.064825	1	1	1	1	1	1	1	1	0.0535266	1	1	1	1	1	1	1	1	0.295981	1	1	1	1	1	1	1	1	1	1	1	1
Hot_spring_260	0.295981	0.295981	1	1	1	1	1	1	0	1	1	1	1	0.295981	1	1	1	1	1	1	1	1	1	1	1	1	1	0.295981	1	1	1	1	1	1	0.295981	0.295981	1	1	1	1	0.295981	1	0.295981	1	0.295981	1	1	1	1	1
Animal-associated_4854	0.0519203	0.11676	0.263022	1	0.295981	1	1	1	1	0	1	0.295981	1	0.0509537	0.0634394	1	1	1	1	1	1	1	1	0.295981	0.0716227	0.295981	1	0.0588483	1	1	1	1	1	0.0680698	0.295981	1	1	0.295981	1	1	0.295981	1	1	1	1	1	0.263022	1	0.295981	1
Oceanic_pelagic_zone_248	1	1	1	1	1	1	1	1	1	1	0	1	1	1	1	1	1	1	1	1	1	1	1	0.210897	1	1	1	1	1	1	1	1	1	1	1	1	1	1	1	1	1	1	0.295981	1	1	1	1	1	1	1
Animal-associated_3875	0.295981	0.295981	0.295981	1	0.295981	1	1	1	1	0.295981	1	0	1	0.295981	0.295981	1	1	1	1	1	1	1	1	0.295981	0.295981	0.295981	1	0.295981	1	1	1	1	1	0.295981	1	1	1	0.295981	1	1	1	1	1	1	1	1	1	1	1	1
Animal-associated_3861	1	1	1	0.295981	0.219531	0.263022	0.295981	0.295981	1	1	1	1	0	1	1	1	0.263022	1	0.295981	0.295981	1	0.295981	1	1	1	1	1	1	0.295981	1	1	1	1	1	1	1	1	1	1	1	1	1	1	1	1	1	1	1	1	1
Animal-associated_4868	0.0554283	0.106845	0.295981	1	0.295981	1	1	1	0.295981	0.0509537	1	0.295981	1	0	0.0586096	1	1	1	1	1	1	1	1	0.295981	0.0618432	0.295981	1	0.0590885	1	1	1	1	1	0.0586096	0.295981	1	1	0.295981	1	1	1	1	1	1	1	1	1	1	0.295981	1
Animal-associated_4883	0.0642645	0.11197	0.263022	1	0.295981	1	1	1	1	0.0634394	1	0.295981	1	0.0586096	0	1	1	1	1	1	1	1	1	0.295981	0.0726524	0.295981	1	0.0680698	1	1	1	1	1	0.0656822	0.295981	0.295981	1	0.295981	1	1	1	1	1	1	1	1	0.243761	1	1	1
Animal-associated_3134	1	1	1	1	1	1	1	1	1	1	1	1	1	1	1	0	1	1	1	1	1	1	1	1	1	0.164662	0.263022	1	1	1	1	1	1	1	0.23011	0.263022	1	0.295981	1	0.23011	0.243761	1	0.263022	1	0.243761	0.243761	1	1	0.295981	1
Animal-associated_3652	1	1	1	1	0.243761	0.0955937	0.0887833	1	1	1	1	1	0.263022	1	1	1	0	1	1	1	1	0.100846	1	1	1	1	1	1	1	1	1	1	1	1	1	1	1	1	1	1	1	1	1	1	1	1	1	1	1	1
Marine_5223	1	0.295981	1	1	1	1	1	1	1	1	1	1	1	1	1	1	1	0	1	1	1	1	1	0.174408	1	1	0.295981	1	1	1	1	1	1	1	1	1	1	1	1	1	1	1	1	1	1	1	1	1	1	1
Marine_1045	1	1	1	0.0730018	0.295981	1	1	0.0579033	1	1	1	1	0.295981	1	1	1	1	1	0	0.0480354	1	1	1	1	1	1	1	1	0.0482105	1	1	1	1	1	1	1	1	0.295981	1	1	1	1	1	1	1	1	1	1	1	1
Marine_1051	1	1	1	0.080322	0.295981	1	1	0.064825	1	1	1	1	0.295981	1	1	1	1	1	0.0480354	0	1	1	1	1	1	1	1	1	0.0509537	1	1	1	1	1	1	1	1	0.295981	1	1	1	1	1	1	1	1	1	1	1	1
Animal-associated_4129	1	1	1	1	1	1	1	1	1	1	1	1	1	1	1	1	1	1	1	1	0	1	1	1	1	1	1	1	1	1	1	0.263022	1	1	1	1	1	1	1	1	1	1	1	0.295981	1	1	1	1	1	1
Animal-associated_3646	1	1	1	1	0.295981	0.0744324	0.0683793	1	1	1	1	1	0.295981	1	1	1	0.100846	1	1	1	1	0	1	1	1	1	1	1	1	1	1	1	1	1	1	1	1	1	1	1	1	1	1	1	1	1	1	1	1	1
Animal-associated_2558	1	1	1	1	1	1	1	1	1	1	1	1	1	1	1	1	1	1	1	1	1	1	0	1	1	1	1	1	1	1	0.0593303	1	0.0480354	1	1	1	1	1	0.210897	1	1	1	1	1	1	1	1	1	1	1
Marine_5237	0.295981	0.263022	0.295981	1	0.295981	1	1	1	1	0.295981	0.210897	0.295981	1	0.295981	0.295981	1	1	0.174408	1	1	1	1	1	0	0.295981	0.243761	0.295981	0.295981	1	1	1	1	1	0.295981	1	1	1	0.295981	1	0.295981	1	1	1	1	1	1	1	0.295981	1	1
Animal-associated_4897	0.0706202	0.11676	0.295981	1	0.295981	1	1	1	1	0.0716227	1	0.295981	1	0.0618432	0.0726524	1	1	1	1	1	1	1	1	0.295981	0	0.295981	1	0.0686914	1	1	1	1	1	0.0665597	1	1	1	0.295981	1	1	0.295981	1	1	1	1	1	0.263022	1	0.295981	1
Animal-associated_3120	0.295981	0.295981	0.295981	1	0.295981	1	1	1	1	0.295981	1	0.295981	1	0.295981	0.295981	0.164662	1	1	1	1	1	1	1	0.243761	0.295981	0	1	0.263022	1	1	1	1	1	0.295981	0.243761	0.263022	1	0.295981	1	0.23011	0.295981	1	0.295981	1	1	1	1	1	1	1
Animal-associated_3108	1	1	1	1	1	1	1	1	1	1	1	1	1	1	1	0.263022	1	0.295981	1	1	1	1	1	0.295981	1	1	0	1	1	1	1	1	1	1	0.263022	0.23011	1	0.295981	1	0.295981	0.219531	1	0.243761	1	0.191731	0.23011	1	1	0.295981	1
Animal-associated_4667	0.0628995	0.12827	0.295981	1	0.295981	1	1	1	0.295981	0.0588483	1	0.295981	1	0.0590885	0.0680698	1	1	1	1	1	1	1	1	0.295981	0.0686914	0.263022	1	0	1	0.295981	1	1	1	0.0677629	0.263022	0.295981	1	0.295981	1	1	0.295981	1	0.295981	1	0.295981	1	0.295981	1	0.295981	1
Marine_1079	1	1	1	0.0706202	0.295981	1	1	0.0535266	1	1	1	1	0.295981	1	1	1	1	1	0.0482105	0.0509537	1	1	1	1	1	1	1	1	0	1	1	1	1	1	1	1	1	0.295981	1	1	1	1	1	1	1	1	1	1	1	1
Animal-associated_4101	1	1	0.243761	1	1	1	1	1	1	1	1	1	1	1	1	1	1	1	1	1	1	1	1	1	1	1	1	0.295981	1	0	1	1	1	1	0.295981	1	1	1	1	1	0.295981	1	0.295981	1	0.295981	1	1	1	1	1
Animal-associated_2570	1	1	1	1	1	1	1	1	1	1	1	1	1	1	1	1	1	1	1	1	1	1	0.0593303	1	1	1	1	1	1	1	0	1	0.052714	1	1	1	1	1	0.219531	1	1	1	1	1	1	1	1	1	1	1
Animal-associated_4115	1	1	1	1	1	1	1	1	1	1	1	1	1	1	1	1	1	1	1	1	0.263022	1	1	1	1	1	1	1	1	1	1	0	1	1	1	1	1	1	1	1	1	1	1	1	1	1	1	1	1	1
Animal-associated_2564	1	1	1	1	1	1	1	1	1	1	1	1	1	1	1	1	1	1	1	1	1	1	0.0480354	1	1	1	1	1	1	1	0.052714	1	0	1	1	1	1	1	0.174408	1	1	1	1	1	1	1	1	1	1	1
Animal-associated_4673	0.0645437	0.12214	0.295981	1	0.295981	1	1	1	1	0.0680698	1	0.295981	1	0.0586096	0.0656822	1	1	1	1	1	1	1	1	0.295981	0.0665597	0.295981	1	0.0677629	1	1	1	1	1	0	0.295981	1	1	0.295981	1	1	1	1	1	1	1	1	1	1	0.295981	1
Animal-associated_3493	1	0.295981	0.295981	1	1	1	1	1	0.295981	0.295981	1	1	1	0.295981	0.295981	0.23011	1	1	1	1	1	1	1	1	1	0.243761	0.263022	0.263022	1	0.295981	1	1	1	0.295981	0	0.210897	1	1	1	0.210897	0.23011	0.295981	0.219531	1	0.197292	0.210897	1	1	1	1
Animal-associated_2955	1	1	1	1	1	1	1	1	0.295981	1	1	1	1	1	0.295981	0.263022	1	1	1	1	1	1	1	1	1	0.263022	0.23011	0.295981	1	1	1	1	1	1	0.210897	0	1	0.295981	1	0.203604	0.182269	1	0.197292	1	0.191731	0.178173	1	1	1	1
Animal-associated_710	1	1	1	1	1	1	1	1	1	1	1	1	1	1	1	1	1	1	1	1	1	1	1	1	1	1	1	1	1	1	1	1	1	1	1	1	0	1	1	1	1	1	1	1	1	1	1	1	1	1
Oceanic_gyre_704	0.295981	0.295981	0.295981	0.295981	0.295981	1	1	0.295981	1	0.295981	1	0.295981	1	0.295981	0.295981	0.295981	1	1	0.295981	0.295981	1	1	1	0.295981	0.295981	0.295981	0.295981	0.295981	0.295981	1	1	1	1	0.295981	1	0.295981	1	0	1	1	0.263022	1	0.263022	1	0.263022	1	1	1	1	1
Sewage_1290	1	1	1	1	1	1	1	1	1	1	1	1	1	1	1	1	1	1	1	1	1	1	0.210897	1	1	1	1	1	1	1	0.219531	1	0.174408	1	1	1	1	1	0	1	1	1	1	1	1	1	1	1	1	1
Animal-associated_3487	1	1	1	1	1	1	1	1	1	1	1	1	1	1	1	0.23011	1	1	1	1	1	1	1	0.295981	1	0.23011	0.295981	1	1	1	1	1	1	1	0.210897	0.203604	1	1	1	0	0.203604	0.243761	0.219531	1	0.243761	0.219531	1	1	1	1
Animal-associated_2941	1	1	1	1	1	1	1	1	0.295981	0.295981	1	1	1	1	1	0.243761	1	1	1	1	1	1	1	1	0.295981	0.295981	0.219531	0.295981	1	0.295981	1	1	1	1	0.23011	0.182269	1	0.263022	1	0.203604	0	1	0.186761	1	0.203604	0.197292	1	1	1	1
Animal-associated_2799	1	1	1	1	1	1	1	1	1	1	1	1	1	1	1	1	1	1	1	1	1	1	1	1	1	1	1	1	1	1	1	1	1	1	0.295981	1	1	1	1	0.243761	1	0	1	1	0.295981	1	1	1	1	1
Animal-associated_2969	1	1	1	1	1	1	1	1	0.295981	1	0.295981	1	1	1	1	0.263022	1	1	1	1	1	1	1	1	1	0.295981	0.243761	0.295981	1	0.295981	1	1	1	1	0.219531	0.197292	1	0.263022	1	0.219531	0.186761	1	0	1	0.197292	0.23011	1	1	1	1
Coastal_sea_water_1247	1	1	1	1	1	1	1	1	1	1	1	1	1	1	1	1	1	1	1	1	0.295981	1	1	1	1	1	1	1	1	1	1	1	1	1	1	1	1	1	1	1	1	1	1	0	1	1	1	1	1	1
Animal-associated_3450	1	1	0.295981	1	1	1	1	1	0.295981	1	1	1	1	1	1	0.243761	1	1	1	1	1	1	1	1	1	1	0.191731	0.295981	1	0.295981	1	1	1	1	0.197292	0.191731	1	0.263022	1	0.243761	0.203604	0.295981	0.197292	1	0	0.210897	0.295981	1	1	1
Animal-associated_2996	1	1	0.295981	1	1	1	1	1	1	1	1	1	1	1	1	0.243761	1	1	1	1	1	1	1	1	1	1	0.23011	1	1	1	1	1	1	1	0.210897	0.178173	1	1	1	0.219531	0.197292	1	0.23011	1	0.210897	0	1	1	1	1
Animal-associated_4459	0.263022	0.263022	1	1	0.295981	1	1	1	1	0.263022	1	1	1	1	0.243761	1	1	1	1	1	1	1	1	1	0.263022	1	1	0.295981	1	1	1	1	1	1	1	1	1	1	1	1	1	1	1	1	0.295981	1	0	1	1	1
Animal-associated_3336	1	1	1	1	1	1	1	1	1	1	1	1	1	1	1	1	1	1	1	1	1	1	1	0.295981	1	1	1	1	1	1	1	1	1	1	1	1	1	1	1	1	1	1	1	1	1	1	1	0	1	1
Animal-associated_1521	0.295981	1	1	1	1	1	1	1	1	0.295981	1	1	1	0.295981	1	0.295981	1	1	1	1	1	1	1	1	0.295981	1	0.295981	0.295981	1	1	1	1	1	0.295981	1	1	1	1	1	1	1	1	1	1	1	1	1	1	0	1
Saline_water_1535	1	1	1	1	1	1	1	1	1	1	1	1	1	1	1	1	1	1	1	1	1	1	1	1	1	1	1	1	1	1	1	1	1	1	1	1	1	1	1	1	1	1	1	1	1	1	1	1	1	0
