#query	/work/05066/imicrobe/iplantc.org/data/imicrobe/projects/5/samples/206/ATRIPLEXMICROBIOME_SMPL_ATCA-J_16S.fa	/work/05066/imicrobe/iplantc.org/data/imicrobe/projects/5/samples/207/ATRIPLEXMICROBIOME_SMPL_ATCA-J_SSU.fa	/work/05066/imicrobe/iplantc.org/data/imicrobe/projects/5/samples/208/ATRIPLEXMICROBIOME_SMPL_ATGR_16S.fa	/work/05066/imicrobe/iplantc.org/data/imicrobe/projects/5/samples/209/ATRIPLEXMICROBIOME_SMPL_ATGR_SSU.fa	/work/05066/imicrobe/iplantc.org/data/imicrobe/projects/5/samples/210/ATRIPLEXMICROBIOME_SMPL_BOER-NOHAL_16S.fa	/work/05066/imicrobe/iplantc.org/data/imicrobe/projects/5/samples/211/ATRIPLEXMICROBIOME_SMPL_BOER-NOHAL_SSU.fa	/work/05066/imicrobe/iplantc.org/data/imicrobe/projects/5/samples/212/ATRIPLEXMICROBIOME_SMPL_T506_16S.fa	/work/05066/imicrobe/iplantc.org/data/imicrobe/projects/5/samples/213/ATRIPLEXMICROBIOME_SMPL_T506_SSU.fa	/work/05066/imicrobe/iplantc.org/data/imicrobe/projects/5/samples/214/ATRIPLEXMICROBIOME_SMPL_T507_16S.fa	/work/05066/imicrobe/iplantc.org/data/imicrobe/projects/5/samples/215/ATRIPLEXMICROBIOME_SMPL_T507_SSU.fa	/work/05066/imicrobe/iplantc.org/data/imicrobe/projects/5/samples/216/ATRIPLEXMICROBIOME_SMPL_T508_16S.fa	/work/05066/imicrobe/iplantc.org/data/imicrobe/projects/5/samples/217/ATRIPLEXMICROBIOME_SMPL_T508_SSU.fa	/work/05066/imicrobe/iplantc.org/data/imicrobe/projects/5/samples/218/ATRIPLEXMICROBIOME_SMPL_T509_16S.fa	/work/05066/imicrobe/iplantc.org/data/imicrobe/projects/5/samples/219/ATRIPLEXMICROBIOME_SMPL_T509_SSU.fa	/work/05066/imicrobe/iplantc.org/data/imicrobe/projects/5/samples/220/ATRIPLEXMICROBIOME_SMPL_T510_16S.fa	/work/05066/imicrobe/iplantc.org/data/imicrobe/projects/5/samples/221/ATRIPLEXMICROBIOME_SMPL_T510_SSU.fa	/work/05066/imicrobe/iplantc.org/data/imicrobe/projects/5/samples/222/ATRIPLEXMICROBIOME_SMPL_T512_16S.fa	/work/05066/imicrobe/iplantc.org/data/imicrobe/projects/5/samples/223/ATRIPLEXMICROBIOME_SMPL_T512_SSU.fa	/work/05066/imicrobe/iplantc.org/data/imicrobe/projects/5/samples/224/ATRIPLEXMICROBIOME_SMPL_T513_16S.fa	/work/05066/imicrobe/iplantc.org/data/imicrobe/projects/5/samples/225/ATRIPLEXMICROBIOME_SMPL_T513_SSU.fa	/work/05066/imicrobe/iplantc.org/data/imicrobe/projects/5/samples/226/ATRIPLEXMICROBIOME_SMPL_T521_16S.fa	/work/05066/imicrobe/iplantc.org/data/imicrobe/projects/5/samples/227/ATRIPLEXMICROBIOME_SMPL_T521_SSU.fa	/work/05066/imicrobe/iplantc.org/data/imicrobe/projects/5/samples/228/ATRIPLEXMICROBIOME_SMPL_T523_16S.fa	/work/05066/imicrobe/iplantc.org/data/imicrobe/projects/5/samples/229/ATRIPLEXMICROBIOME_SMPL_T523_SSU.fa	/work/05066/imicrobe/iplantc.org/data/imicrobe/projects/5/samples/230/ATRIPLEXMICROBIOME_SMPL_T524-EndoITSFR.fa	/work/05066/imicrobe/iplantc.org/data/imicrobe/projects/5/samples/231/ATRIPLEXMICROBIOME_SMPL_T524-NLB4.fa	/work/05066/imicrobe/iplantc.org/data/imicrobe/projects/5/samples/232/ATRIPLEXMICROBIOME_SMPL_T524_16S.fa	/work/05066/imicrobe/iplantc.org/data/imicrobe/projects/5/samples/233/ATRIPLEXMICROBIOME_SMPL_T524_SSU.fa
/work/05066/imicrobe/iplantc.org/data/imicrobe/projects/5/samples/206/ATRIPLEXMICROBIOME_SMPL_ATCA-J_16S.fa	0	1	0.0430292	1	0.064825	1	0.0674584	1	0.0668569	1	0.0674584	0.295981	0.0665597	0.295981	0.0683793	0.295981	0.0445606	1	0.0702918	1	0.045678	0.295981	0.0696435	0.295981	1	1	0.051337	1
/work/05066/imicrobe/iplantc.org/data/imicrobe/projects/5/samples/207/ATRIPLEXMICROBIOME_SMPL_ATCA-J_SSU.fa	1	0	1	0.0319897	0.295981	0.0545702	1	0.0615839	1	0.0605648	1	0.0572108	1	0.0615839	1	0.057671	1	0.0603145	1	0.100152	1	0.045678	1	0.0820539	1	1	1	0.0683793
/work/05066/imicrobe/iplantc.org/data/imicrobe/projects/5/samples/208/ATRIPLEXMICROBIOME_SMPL_ATGR_16S.fa	0.0430292	1	0	1	0.0574401	1	0.0583726	1	0.057671	1	0.0610707	0.263022	0.0595738	0.295981	0.0579033	0.295981	0.035622	1	0.0628995	1	0.037311	0.295981	0.0615839	1	1	1	0.0680698	1
/work/05066/imicrobe/iplantc.org/data/imicrobe/projects/5/samples/209/ATRIPLEXMICROBIOME_SMPL_ATGR_SSU.fa	1	0.0319897	1	0	0.295981	0.0543589	1	0.0621044	1	0.0615839	1	0.0588483	1	0.0605648	1	0.0572108	1	0.0586096	1	0.0974869	1	0.0475157	1	0.080322	1	1	1	0.0690061
/work/05066/imicrobe/iplantc.org/data/imicrobe/projects/5/samples/210/ATRIPLEXMICROBIOME_SMPL_BOER-NOHAL_16S.fa	0.064825	0.295981	0.0574401	0.295981	0	0.295981	0.0326168	0.295981	0.0320933	0.295981	0.0314775	0.243761	0.0332581	0.263022	0.0316813	0.263022	0.0574401	1	0.0388388	0.263022	0.0600659	0.295981	0.0363341	0.263022	1	1	0.0882637	1
/work/05066/imicrobe/iplantc.org/data/imicrobe/projects/5/samples/211/ATRIPLEXMICROBIOME_SMPL_BOER-NOHAL_SSU.fa	1	0.0545702	1	0.0543589	0.295981	0	1	0.0401734	1	0.0371871	1	0.0388388	1	0.040724	1	0.0388388	1	0.0778587	1	0.0770708	1	0.0677629	1	0.0642645	1	1	1	0.102997
/work/05066/imicrobe/iplantc.org/data/imicrobe/projects/5/samples/212/ATRIPLEXMICROBIOME_SMPL_T506_16S.fa	0.0674584	1	0.0583726	1	0.0326168	1	0	1	0.0305785	1	0.0300913	0.263022	0.0305785	0.295981	0.0307758	0.295981	0.0579033	1	0.0360949	0.295981	0.0595738	0.295981	0.0343598	0.295981	1	1	0.0867434	1
/work/05066/imicrobe/iplantc.org/data/imicrobe/projects/5/samples/213/ATRIPLEXMICROBIOME_SMPL_T506_SSU.fa	1	0.0615839	1	0.0621044	0.295981	0.0401734	1	0	1	0.0307758	1	0.0281347	1	0.0275126	1	0.0336937	1	0.0726524	1	0.0690061	1	0.0574401	1	0.0537328	1	1	1	0.0987984
/work/05066/imicrobe/iplantc.org/data/imicrobe/projects/5/samples/214/ATRIPLEXMICROBIOME_SMPL_T507_16S.fa	0.0668569	1	0.057671	1	0.0320933	1	0.0305785	1	0	1	0.0297077	0.295981	0.0311746	0.295981	0.0297077	0.295981	0.0549966	1	0.0366967	0.295981	0.0621044	0.295981	0.0315792	0.295981	1	1	0.0898429	1
/work/05066/imicrobe/iplantc.org/data/imicrobe/projects/5/samples/215/ATRIPLEXMICROBIOME_SMPL_T507_SSU.fa	1	0.0605648	1	0.0615839	0.295981	0.0371871	1	0.0307758	1	0	1	0.0309745	1	0.0309745	1	0.0323015	1	0.0712856	1	0.0709514	1	0.0631684	1	0.0560862	1	1	1	0.0974869
/work/05066/imicrobe/iplantc.org/data/imicrobe/projects/5/samples/216/ATRIPLEXMICROBIOME_SMPL_T508_16S.fa	0.0674584	1	0.0610707	1	0.0314775	1	0.0300913	1	0.0297077	1	0	0.295981	0.0317837	0.263022	0.0292355	0.295981	0.0574401	1	0.0364545	0.295981	0.0572108	0.295981	0.0330427	0.295981	1	1	0.0882637	1
/work/05066/imicrobe/iplantc.org/data/imicrobe/projects/5/samples/217/ATRIPLEXMICROBIOME_SMPL_T508_SSU.fa	0.295981	0.0572108	0.263022	0.0588483	0.243761	0.0388388	0.263022	0.0281347	0.295981	0.0309745	0.295981	0	0.263022	0.0269047	0.263022	0.0334751	0.295981	0.0744324	0.263022	0.0653942	0.263022	0.057671	0.295981	0.052714	1	1	1	0.0909306
/work/05066/imicrobe/iplantc.org/data/imicrobe/projects/5/samples/218/ATRIPLEXMICROBIOME_SMPL_T509_16S.fa	0.0665597	1	0.0595738	1	0.0332581	1	0.0305785	1	0.0311746	1	0.0317837	0.263022	0	0.263022	0.0284967	0.295981	0.0572108	1	0.0363341	0.295981	0.059819	0.295981	0.0344723	0.295981	1	1	0.0914855	1
/work/05066/imicrobe/iplantc.org/data/imicrobe/projects/5/samples/219/ATRIPLEXMICROBIOME_SMPL_T509_SSU.fa	0.295981	0.0615839	0.295981	0.0605648	0.263022	0.040724	0.295981	0.0275126	0.295981	0.0309745	0.263022	0.0269047	0.263022	0	0.263022	0.0349268	0.295981	0.0702918	0.295981	0.0668569	0.295981	0.0565317	1	0.0533217	1	1	1	0.0974869
/work/05066/imicrobe/iplantc.org/data/imicrobe/projects/5/samples/220/ATRIPLEXMICROBIOME_SMPL_T510_16S.fa	0.0683793	1	0.0579033	1	0.0316813	1	0.0307758	1	0.0297077	1	0.0292355	0.263022	0.0284967	0.263022	0	0.295981	0.0560862	1	0.035622	0.295981	0.0581372	0.295981	0.0319897	0.263022	1	1	0.0926182	1
/work/05066/imicrobe/iplantc.org/data/imicrobe/projects/5/samples/221/ATRIPLEXMICROBIOME_SMPL_T510_SSU.fa	0.295981	0.057671	0.295981	0.0572108	0.263022	0.0388388	0.295981	0.0336937	0.295981	0.0323015	0.295981	0.0334751	0.295981	0.0349268	0.295981	0	0.295981	0.0653942	0.295981	0.0608169	0.295981	0.0545702	1	0.0515304	1	1	1	0.109331
/work/05066/imicrobe/iplantc.org/data/imicrobe/projects/5/samples/222/ATRIPLEXMICROBIOME_SMPL_T512_16S.fa	0.0445606	1	0.035622	1	0.0574401	1	0.0579033	1	0.0549966	1	0.0574401	0.295981	0.0572108	0.295981	0.0560862	0.295981	0	1	0.0626325	0.295981	0.0294234	0.295981	0.0608169	0.295981	1	1	0.0656822	1
/work/05066/imicrobe/iplantc.org/data/imicrobe/projects/5/samples/223/ATRIPLEXMICROBIOME_SMPL_T512_SSU.fa	1	0.0603145	1	0.0586096	1	0.0778587	1	0.0726524	1	0.0712856	1	0.0744324	1	0.0702918	1	0.0653942	1	0	1	0.0463343	1	0.0480354	1	0.0444041	1	1	1	0.101551
/work/05066/imicrobe/iplantc.org/data/imicrobe/projects/5/samples/224/ATRIPLEXMICROBIOME_SMPL_T513_16S.fa	0.0702918	1	0.0628995	1	0.0388388	1	0.0360949	1	0.0366967	1	0.0364545	0.263022	0.0363341	0.295981	0.035622	0.295981	0.0626325	1	0	0.295981	0.0656822	0.295981	0.0330427	0.295981	1	1	0.0893096	1
/work/05066/imicrobe/iplantc.org/data/imicrobe/projects/5/samples/225/ATRIPLEXMICROBIOME_SMPL_T513_SSU.fa	1	0.100152	1	0.0974869	0.263022	0.0770708	0.295981	0.0690061	0.295981	0.0709514	0.295981	0.0653942	0.295981	0.0668569	0.295981	0.0608169	0.295981	0.0463343	0.295981	0	0.295981	0.057671	1	0.0319897	1	1	1	0.12827
/work/05066/imicrobe/iplantc.org/data/imicrobe/projects/5/samples/226/ATRIPLEXMICROBIOME_SMPL_T521_16S.fa	0.045678	1	0.037311	1	0.0600659	1	0.0595738	1	0.0621044	1	0.0572108	0.263022	0.059819	0.295981	0.0581372	0.295981	0.0294234	1	0.0656822	0.295981	0	0.295981	0.0605648	0.263022	1	1	0.0690061	1
/work/05066/imicrobe/iplantc.org/data/imicrobe/projects/5/samples/227/ATRIPLEXMICROBIOME_SMPL_T521_SSU.fa	0.295981	0.045678	0.295981	0.0475157	0.295981	0.0677629	0.295981	0.0574401	0.295981	0.0631684	0.295981	0.057671	0.295981	0.0565317	0.295981	0.0545702	0.295981	0.0480354	0.295981	0.057671	0.295981	0	1	0.0533217	1	1	1	0.0807479
/work/05066/imicrobe/iplantc.org/data/imicrobe/projects/5/samples/228/ATRIPLEXMICROBIOME_SMPL_T523_16S.fa	0.0696435	1	0.0615839	1	0.0363341	1	0.0343598	1	0.0315792	1	0.0330427	0.295981	0.0344723	1	0.0319897	1	0.0608169	1	0.0330427	1	0.0605648	1	0	1	1	1	0.0903831	1
/work/05066/imicrobe/iplantc.org/data/imicrobe/projects/5/samples/229/ATRIPLEXMICROBIOME_SMPL_T523_SSU.fa	0.295981	0.0820539	1	0.080322	0.263022	0.0642645	0.295981	0.0537328	0.295981	0.0560862	0.295981	0.052714	0.295981	0.0533217	0.263022	0.0515304	0.295981	0.0444041	0.295981	0.0319897	0.263022	0.0533217	1	0	1	1	1	0.12214
/work/05066/imicrobe/iplantc.org/data/imicrobe/projects/5/samples/230/ATRIPLEXMICROBIOME_SMPL_T524-EndoITSFR.fa	1	1	1	1	1	1	1	1	1	1	1	1	1	1	1	1	1	1	1	1	1	1	1	1	0	0.130979	1	1
/work/05066/imicrobe/iplantc.org/data/imicrobe/projects/5/samples/231/ATRIPLEXMICROBIOME_SMPL_T524-NLB4.fa	1	1	1	1	1	1	1	1	1	1	1	1	1	1	1	1	1	1	1	1	1	1	1	1	0.130979	0	1	1
/work/05066/imicrobe/iplantc.org/data/imicrobe/projects/5/samples/232/ATRIPLEXMICROBIOME_SMPL_T524_16S.fa	0.051337	1	0.0680698	1	0.0882637	1	0.0867434	1	0.0898429	1	0.0882637	1	0.0914855	1	0.0926182	1	0.0656822	1	0.0893096	1	0.0690061	1	0.0903831	1	1	1	0	1
/work/05066/imicrobe/iplantc.org/data/imicrobe/projects/5/samples/233/ATRIPLEXMICROBIOME_SMPL_T524_SSU.fa	1	0.0683793	1	0.0690061	1	0.102997	1	0.0987984	1	0.0974869	1	0.0909306	1	0.0974869	1	0.109331	1	0.101551	1	0.12827	1	0.0807479	1	0.12214	1	1	1	0
